%YAML:1.0
---
height: 800
width: 848
K1: !!opencv-matrix
   rows: 3
   cols: 3
   dt: d
   data: [286.3168029785156, 0.0, 418.0409851074219, 0.0, 286.2695007324219, 403.7424011230469, 0.0, 0.0, 1.0]
K2: !!opencv-matrix
   rows: 3
   cols: 3
   dt: d
   data: [286.0661926269531, 0.0, 414.1697998046875, 0.0, 286.130615234375, 395.4999084472656, 0.0, 0.0, 1.0]
D1: !!opencv-matrix
   rows: 1
   cols: 5
   dt: d
   data: [-0.007664189208298922, 0.03983680158853531, -0.03719960153102875, 0.0061271837912499905, 0.0]
D2: !!opencv-matrix
   rows: 1
   cols: 5
   dt: d
   data: [-0.006410287227481604, 0.04415905103087425, -0.041161298751831055, 0.007189848925918341, 0.0]
# R: !!opencv-matrix
#    rows: 3
#    cols: 3
#    dt: d
#    data: [1.0, 0.0, 0.0, 0.0, 1.0, 0.0, 0.0, 0.0, 1.0]
# T: [ 0., 0., 0. ]
R1: !!opencv-matrix
   rows: 3
   cols: 3
   dt: d
   data: [1.0, 0.0, 0.0, 0.0, 1.0, 0.0, 0.0, 0.0, 1.0]
R2: !!opencv-matrix
   rows: 3
   cols: 3
   dt: d
   data: [1.0, 0.0, 0.0, 0.0, 1.0, 0.0, 0.0, 0.0, 1.0]
P1: !!opencv-matrix
   rows: 3
   cols: 4
   dt: d
   data: [286.3168029785156, 0.0, 418.0409851074219, 0.0, 0.0, 286.2695007324219, 403.7424011230469, 0.0, 0.0, 0.0, 1.0, 0.0]
P2: !!opencv-matrix
   rows: 3
   cols: 4
   dt: d
   data: [ 4.4823751699200375e+02, 0., 5.8937858082607681e+02,
       -8.9439682417744422e+01, 0., 4.4823751699200375e+02,
       4.7506390287246745e+02, 0., 0., 0., 1., 0. ]
# Q: !!opencv-matrix #did not change
#    rows: 4
#    cols: 4
#    dt: d
#    data: [ 1., 0., 0., -5.8937858082607681e+02, 0., 1., 0.,
#        -4.7506390287246745e+02, 0., 0., 0., 4.4823751699200375e+02, 0.,
#        0., 5.0116179404397734e+00, 0. ]
# Kd: !!opencv-matrix
#    rows: 3
#    cols: 3
#    dt: d
#    data: [286.0661926269531, 0.0, 414.1697998046875, 0.0, 286.130615234375, 395.4999084472656, 0.0, 0.0, 1.0]
# Dd: [-0.006410287227481604, 0.04415905103087425, -0.041161298751831055, 0.007189848925918341, 0.0]
# Rd_l: !!opencv-matrix
#    rows: 3
#    cols: 3
#    dt: d
#    data: [1.0, 0.0, 0.0, 0.0, 1.0, 0.0, 0.0, 0.0, 1.0]
# td_l: [ 0., 0., 0.]
